0,0
1,0
2,0
3,0
4,0
5,0
6,0
7,0
8,0
9,0
10,0
11,0
12,0
13,0
14,0
15,0
16,0
17,0
18,0
19,0
20,0
21,0
22,0
23,0
24,0
25,0
26,0
27,0
28,0
29,0
30,0
31,0
32,0
33,0
34,0
35,0
36,0
37,0
38,0
39,0
40,0
41,0
42,0
43,0
44,0
45,0
46,0
47,0
48,0
49,0
50,0
51,0
52,0
53,0
54,0
55,0
56,0
57,0
58,0
59,0
60,1
61,0
62,0
63,0
64,0
65,1
66,0
67,1
68,0
69,1
70,0
71,0
72,1
73,0
74,0
75,0
76,0
77,0
78,0
79,0
80,0
81,0
82,1
83,1
84,0
85,0
86,1
87,0
88,0
89,0
90,0
91,1
92,0
93,1
94,0
95,0
96,0
97,1
98,0
99,0
100,0
101,0
102,0
103,0
104,0
105,0
106,1
107,1
108,0
109,1
110,0
111,1
112,0
113,0
114,0
115,0
116,0
117,0
118,0
119,1
120,0
121,1
122,1
123,0
124,2
125,3
126,0
127,0
128,0
129,1
130,0
131,0
132,0
133,0
134,1
135,1
136,0
137,2
138,0
139,2
140,0
141,1
142,1
143,0
144,0
145,2
146,0
147,1
148,0
149,2
150,0
151,1
152,1
153,2
154,0
155,1
156,0
157,1
158,1
159,2
160,1
161,4
162,3
163,0
164,1
165,0
166,1
167,3
168,0
169,1
170,4
171,0
172,2
173,1
174,1
175,2
176,1
177,6
178,2
179,3
180,1
181,1
182,0
183,0
184,1
185,2
186,0
187,0
188,2
189,6
190,2
191,4
192,0
193,3
194,1
195,1
196,1
197,1
198,3
199,1
200,4
201,2
202,6
203,0
204,2
205,1
206,3
207,0
208,3
209,0
210,2
211,1
212,3
213,1
214,1
215,0
216,1
217,0
218,2
219,0
220,3
221,3
222,2
223,2
224,2
225,1
226,3
227,1
228,1
229,4
230,1
231,1
232,2
233,3
234,0
235,6
236,0
237,1
238,3
239,3
240,1
241,5
242,3
243,0
244,4
245,1
246,2
247,1
248,2
249,0
250,1
251,1
252,1
253,5
254,2
255,1
256,3
257,6
258,0
259,4
260,0
261,6
262,1
263,6
264,1
265,4
266,0
267,5
268,1
269,0
270,4
271,1
272,1
273,1
274,0
275,0
276,2
277,5
278,4
279,1
280,11
281,0
282,0
283,2
284,12
285,2
286,3
287,0
288,2
289,1
290,0
291,0
292,0
293,0
294,4
295,0
296,5
297,1
298,4
299,4
300,0
301,5
302,0
303,2
304,5
305,2
306,0
307,15
308,5
309,1
310,18
311,1
312,4
313,8
314,7
315,2
316,2
317,1
318,1
319,2
320,7
321,0
322,2
323,4
324,10
325,0
326,10
327,4
328,1
329,18
330,8
331,4
332,0
333,0
334,17
335,6
336,1
337,2
338,1
339,3
340,0
341,1
342,7
343,7
344,0
345,7
346,1
347,0
348,5
349,0
350,16
351,0
352,7
353,3
354,5
355,3
356,4
357,5
358,1
359,2
360,5
361,1
362,4
363,2
364,3
365,4
366,10
367,1
368,1
369,5
370,8
371,19
372,4
373,9
374,1
375,10
376,0
377,8
378,3
379,5
380,1
381,4
382,17
383,18
384,4
385,3
386,3
387,11
388,1
389,0
390,0
391,1
392,5
393,3
394,2
395,0
396,0
397,4
398,0
399,0
400,1
401,8
402,5
403,5
404,5
405,0
406,4
407,5
408,2
409,1
410,3
411,1
412,1
413,9
414,9
415,5
416,5
417,10
418,3
419,5
420,4
421,8
422,0
423,1
424,7
425,3
426,15
427,1
428,6
429,1
430,0
431,2
432,5
433,2
434,17
435,0
436,13
437,3
438,1
439,1
440,3
441,2
442,5
443,11
444,6
445,3
446,10
447,3
448,11
449,2
450,3
451,2
452,9
453,18
454,4
455,1
456,0
457,6
458,2
459,1
460,6
461,9
462,1
463,1
464,5
465,3
466,9
467,9
468,7
469,2
470,11
471,13
472,8
473,13
474,1
475,0
476,9
477,1
478,2
479,4
480,1
481,11
482,7
483,17
484,3
485,6
486,3
487,8
488,3
489,3
490,1
491,1
492,2
493,0
494,5
495,3
496,9
497,1
498,1
499,9
500,1
501,6
502,4
503,7
504,3
505,2
506,1
507,4
508,1
509,2
510,3
511,8
512,2
513,3
514,5
515,2
516,1
517,9
518,2
519,5
520,4
521,4
522,4
523,3
524,3
525,1
526,2
527,4
528,1
529,1
530,1
531,0
532,1
533,1
534,8
535,2
536,3
537,5
538,2
539,3
540,6
541,5
542,0
543,1
544,3
545,3
546,2
547,7
548,6
549,2
550,2
551,2
552,5
553,1
554,1
555,0
556,1
557,1
558,1
559,1
560,4
561,1
562,1
563,1
564,1
565,4
566,2
567,2
568,1
569,2
570,1
571,1
572,1
573,2
574,2
575,2
576,3
577,1
578,2
579,3
580,1
581,1
582,0
583,2
584,1
585,1
586,3
587,1
588,1
589,1
590,2
591,2
592,2
593,2
594,0
595,3
596,2
597,2
598,1
599,1
600,3
601,2
602,1
603,3
604,1
605,2
606,1
607,1
608,4
609,2
610,1
611,1
612,0
613,5
614,2
615,2
616,5
617,1
618,1
619,1
620,1
621,2
622,8
623,1
624,1
625,2
626,7
627,1
628,1
629,3
630,8
631,10
632,1
633,4
634,4
635,1
636,2
637,2
638,1
639,3
640,0
641,2
642,2
643,10
644,2
645,0
646,2
647,1
648,2
649,1
650,1
651,1
652,4
653,2
654,4
655,1
656,2
657,9
658,2
659,2
660,0
661,2
662,1
663,0
664,8
665,4
666,4
667,3
668,3
669,3
670,3
671,1
672,0
673,0
674,2
675,2
676,2
677,4
678,3
679,1
680,0
681,8
682,3
683,6
684,2
685,4
686,1
687,4
688,2
689,7
690,3
691,3
692,1
693,2
694,1
695,1
696,1
697,2
698,3
699,1
700,6
701,1
702,3
703,8
704,6
705,5
706,0
707,2
708,7
709,2
710,5
711,3
712,4
713,1
714,1
715,1
716,1
717,1
718,0
719,9
720,1
721,0
722,2
723,4
724,5
725,5
726,6
727,1
728,0
729,1
730,2
731,7
732,0
733,9
734,2
735,0
736,1
737,4
738,7
739,1
740,2
741,4
742,4
743,10
744,6
745,0
746,1
747,1
748,1
749,1
750,12
751,1
752,1
753,4
754,2
755,2
756,3
757,5
758,2
759,4
760,4
761,1
762,4
763,7
764,4
765,7
766,2
767,1
768,2
769,2
770,0
771,1
772,0
773,1
774,5
775,2
776,2
777,2
778,2
779,1
780,0
781,2
782,1
783,3
784,1
785,1
786,3
787,1
788,2
789,2
790,2
791,0
792,4
793,1
794,2
795,18
796,1
797,2
798,0
799,3
800,3
801,1
802,1
803,9
804,0
805,1
806,10
807,7
808,3
809,1
810,2
811,2
812,4
813,4
814,0
815,1
816,0
817,2
818,3
819,3
820,2
821,0
822,3
823,2
824,1
825,3
826,4
827,2
828,1
829,1
830,0
831,0
832,0
833,2
834,1
835,3
836,5
837,1
838,2
839,0
840,2
841,2
842,1
843,1
844,3
845,0
846,1
847,5
848,4
849,0
850,0
851,3
852,1
853,10
854,1
855,0
856,1
857,1
858,1
859,2
860,0
861,4
862,1
863,2
864,2
865,2
866,5
867,4
868,4
869,4
870,3
871,1
872,1
873,6
874,2
875,1
876,0
877,6
878,1
879,2
880,5
881,2
882,2
883,10
884,0
885,2
886,4
887,1
888,1
889,1
890,1
891,2
892,0
893,1
894,5
895,4
896,0
897,1
898,2
899,2
900,2
901,4
902,1
903,2
904,2
905,4
906,2
907,2
908,0
909,3
910,3
911,3
912,2
913,2
914,3
915,1
916,2
917,1
918,1
919,0
920,1
921,2
922,0
923,7
924,0
925,0
926,2
927,0
928,1
929,4
930,4
931,2
932,2
933,1
934,3
935,0
936,3
937,6
938,0
939,2
940,2
941,2
942,2
943,1
944,3
945,1
946,0
947,3
948,0
949,2
950,4
951,1
952,3
953,0
954,1
955,0
956,3
957,2
958,2
959,3
960,3
961,5
962,2
963,2
964,2
965,2
966,7
967,1
968,0
969,2
970,0
971,0
972,5
973,3
974,2
975,3
976,9
977,0
978,2
979,1
980,2
981,0
982,3
983,2
984,3
985,3
986,4
987,1
988,1
989,0
990,1
991,3
992,0
993,2
994,0
995,0
996,0
997,4
998,0
999,2
1000,2
1001,2
1002,2
1003,2
1004,4
1005,2
1006,3
1007,2
1008,3
1009,2
1010,1
1011,1
1012,0
1013,0
1014,8
1015,0
1016,2
1017,4
1018,2
1019,8
1020,2
1021,1
1022,2
1023,6
1024,3
1025,4
1026,1
1027,3
1028,1
1029,0
1030,0
1031,4
1032,1
1033,1
1034,2
1035,2
1036,0
1037,0
1038,3
1039,1
1040,2
1041,2
1042,8
1043,3
1044,3
1045,3
1046,0
1047,4
1048,0
1049,1
1050,4
1051,0
1052,1
1053,2
1054,7
1055,0
1056,2
1057,2
1058,2
1059,4
1060,0
1061,2
1062,2
1063,3
1064,1
1065,3
1066,14
1067,1
1068,1
1069,1
1070,1
1071,0
1072,1
1073,2
1074,1
1075,1
1076,0
1077,7
1078,7
1079,0
1080,0
1081,4
1082,2
1083,1
1084,2
1085,0
1086,4
1087,1
1088,3
1089,0
1090,4
1091,6
1092,3
1093,0
1094,4
1095,0
1096,2
1097,5
1098,1
1099,5
1100,1
1101,1
1102,3
1103,2
1104,4
1105,3
1106,1
1107,6
1108,2
1109,1
1110,1
1111,3
1112,2
1113,2
1114,0
1115,2
1116,5
1117,9
1118,3
1119,0
1120,2
1121,6
1122,2
1123,4
1124,1
1125,3
1126,4
1127,4
1128,3
1129,4
1130,1
1131,4
1132,4
1133,1
1134,2
1135,1
1136,4
1137,1
1138,1
1139,0
1140,0
1141,0
1142,5
1143,2
1144,0
1145,0
1146,0
1147,1
1148,2
1149,2
1150,0
1151,4
1152,1
1153,1
1154,1
1155,2
1156,2
1157,2
1158,3
1159,2
1160,0
1161,6
1162,1
1163,2
1164,2
1165,1
1166,7
1167,4
1168,3
1169,1
1170,0
1171,3
1172,3
1173,1
1174,2
1175,6
1176,4
1177,1
1178,2
1179,1
1180,2
1181,2
1182,4
1183,4
1184,1
1185,4
1186,5
1187,0
1188,4
1189,2
1190,1
1191,1
1192,1
1193,1
1194,1
1195,1
1196,8
1197,4
1198,1
1199,1
1200,1
1201,0
1202,1
1203,3
1204,0
1205,2
1206,1
1207,4
1208,6
1209,0
1210,2
1211,2
1212,5
1213,3
1214,2
1215,1
1216,3
1217,0
1218,0
1219,3
1220,0
1221,3
1222,0
1223,0
1224,2
1225,0
1226,0
1227,0
1228,4
1229,3
1230,2
1231,4
1232,1
1233,2
1234,2
1235,3
1236,0
1237,1
1238,2
1239,1
1240,1
1241,1
1242,1
1243,2
1244,1
1245,0
1246,2
1247,0
1248,1
1249,2
1250,2
1251,3
1252,1
1253,1
1254,1
1255,4
1256,3
1257,2
1258,2
1259,3
1260,5
1261,0
1262,1
1263,0
1264,1
1265,2
1266,2
1267,3
1268,0
1269,2
1270,1
1271,0
1272,0
1273,0
1274,2
1275,5
1276,0
1277,2
1278,3
1279,1
1280,3
1281,1
1282,2
1283,2
1284,1
1285,3
1286,1
1287,2
1288,6
1289,1
1290,0
1291,1
1292,2
1293,1
1294,0
1295,0
1296,1
1297,0
1298,1
1299,1
1300,2
1301,3
1302,1
1303,1
1304,3
1305,0
1306,1
1307,1
1308,2
1309,1
1310,2
1311,0
1312,1
1313,2
1314,0
1315,1
1316,2
1317,0
1318,1
1319,2
1320,1
1321,1
1322,1
1323,0
1324,0
1325,1
1326,2
1327,0
1328,1
1329,0
1330,0
1331,0
1332,0
1333,3
1334,1
1335,0
1336,0
1337,0
1338,2
1339,1
1340,1
1341,1
1342,1
1343,1
1344,2
1345,0
1346,1
1347,0
1348,6
1349,1
1350,1
1351,1
1352,1
1353,1
1354,2
1355,0
1356,0
1357,0
1358,0
1359,1
1360,1
1361,2
1362,0
1363,0
1364,1
1365,2
1366,0
1367,2
1368,1
1369,2
1370,1
1371,1
1372,1
1373,1
1374,1
1375,3
1376,2
1377,2
1378,3
1379,2
1380,2
1381,0
1382,4
1383,2
1384,3
1385,0
1386,0
1387,0
1388,0
1389,1
1390,0
1391,1
1392,0
1393,0
1394,1
1395,0
1396,0
1397,0
1398,0
1399,2
1400,3
1401,0
1402,3
1403,3
1404,1
1405,1
1406,2
1407,1
1408,4
1409,0
1410,0
1411,1
1412,3
1413,0
1414,1
1415,2
1416,1
1417,2
1418,1
1419,6
1420,4
1421,0
1422,1
1423,2
1424,0
1425,1
1426,4
1427,2
1428,4
1429,8
1430,1
1431,1
1432,2
1433,2
1434,1
1435,1
1436,4
1437,0
1438,4
1439,3
1440,5
1441,1
1442,1
1443,1
1444,0
1445,0
1446,1
1447,2
1448,2
1449,1
1450,1
1451,3
1452,1
1453,3
1454,1
1455,2
1456,1
1457,2
1458,1
1459,8
1460,0
1461,3
1462,2
1463,1
1464,0
1465,4
1466,2
1467,1
1468,1
1469,2
1470,0
1471,2
1472,2
1473,1
1474,2
1475,3
1476,1
1477,0
1478,2
1479,3
1480,2
1481,0
1482,0
1483,0
1484,2
1485,3
1486,0
1487,0
1488,0
1489,3
1490,2
1491,2
1492,3
1493,2
1494,0
1495,2
1496,0
1497,4
1498,0
1499,1
1500,0
1501,3
1502,0
1503,2
1504,1
1505,2
1506,4
1507,3
1508,2
1509,2
1510,1
1511,2
1512,1
1513,2
1514,1
1515,3
1516,0
1517,2
1518,2
1519,2
1520,3
1521,1
1522,2
1523,3
1524,2
1525,0
1526,2
1527,3
1528,1
1529,7
1530,2
1531,0
1532,5
1533,2
1534,1
1535,5
1536,1
1537,5
1538,0
1539,0
1540,3
1541,1
1542,3
1543,0
1544,1
1545,2
1546,4
1547,1
1548,0
1549,1
1550,0
1551,5
1552,0
1553,0
1554,2
1555,3
1556,2
1557,0
1558,3
1559,3
1560,1
1561,2
1562,1
1563,3
1564,3
1565,1
1566,2
1567,2
1568,0
1569,0
1570,6
1571,2
1572,4
1573,2
1574,0
1575,1
1576,2
1577,5
1578,4
1579,0
1580,4
1581,6
1582,1
1583,1
1584,0
1585,2
1586,2
1587,1
1588,1
1589,0
1590,4
1591,1
1592,0
1593,0
1594,0
1595,3
1596,0
1597,4
1598,4
1599,4
1600,2
1601,1
1602,0
1603,0
1604,0
1605,2
1606,0
1607,1
1608,1
1609,2
1610,2
1611,0
1612,1
1613,5
1614,2
1615,2
1616,3
1617,1
1618,2
1619,1
1620,1
1621,1
1622,0
1623,2
1624,1
1625,3
1626,4
1627,0
1628,1
1629,0
1630,6
1631,3
1632,3
1633,3
1634,2
1635,2
1636,0
1637,2
1638,9
1639,1
1640,1
1641,1
1642,2
1643,2
1644,1
1645,0
1646,0
1647,4
1648,5
1649,7
1650,1
1651,4
1652,8
1653,3
1654,5
1655,1
1656,0
1657,1
1658,1
1659,3
1660,3
1661,1
1662,1
1663,1
1664,1
1665,1
1666,3
1667,4
1668,1
1669,1
1670,5
1671,1
1672,0
1673,6
1674,4
1675,1
1676,6
1677,1
1678,3
1679,2
1680,4
1681,3
1682,0
1683,1
1684,4
1685,3
1686,2
1687,1
1688,3
1689,1
1690,0
1691,1
1692,2
1693,0
1694,1
1695,2
1696,7
1697,1
1698,1
1699,3
1700,4
1701,5
1702,1
1703,1
1704,1
1705,5
1706,0
1707,8
1708,0
1709,1
1710,1
1711,2
1712,1
1713,0
1714,6
1715,1
1716,3
1717,2
1718,3
1719,6
1720,3
1721,1
1722,1
1723,3
1724,3
1725,2
1726,2
1727,0
1728,1
1729,1
1730,3
1731,2
1732,2
1733,9
1734,4
1735,5
1736,3
1737,1
1738,0
1739,0
1740,0
1741,0
1742,4
1743,1
1744,0
1745,2
1746,8
1747,1
1748,4
1749,1
1750,1
1751,7
1752,4
1753,7
1754,1
1755,0
1756,3
1757,1
1758,2
1759,1
1760,1
1761,1
1762,5
1763,6
1764,1
1765,6
1766,2
1767,2
1768,2
1769,1
1770,4
1771,1
1772,1
1773,1
1774,6
1775,0
1776,2
1777,3
1778,3
1779,1
1780,4
1781,3
1782,3
1783,2
1784,3
1785,3
1786,3
1787,4
1788,1
1789,1
1790,1
1791,4
1792,2
1793,1
1794,1
1795,4
1796,3
1797,2
1798,1
1799,1
1800,2
1801,0
1802,1
1803,0
1804,1
1805,1
1806,2
1807,1
1808,1
1809,3
1810,2
1811,0
1812,2
1813,4
1814,6
1815,5
1816,1
1817,1
1818,1
1819,4
1820,1
1821,2
1822,1
1823,1
1824,3
1825,1
1826,11
1827,3
1828,1
1829,5
1830,2
1831,12
1832,4
1833,2
1834,5
1835,4
1836,6
1837,3
1838,5
1839,2
1840,1
1841,1
1842,3
1843,3
1844,0
1845,2
1846,5
1847,2
1848,1
1849,2
1850,2
1851,0
1852,3
1853,7
1854,2
1855,2
1856,2
1857,2
1858,1
1859,2
1860,0
1861,1
1862,0
1863,3
1864,0
1865,1
1866,1
1867,2
1868,2
1869,3
1870,3
1871,0
1872,1
1873,2
1874,3
1875,2
1876,1
1877,1
1878,2
1879,1
1880,1
1881,0
1882,2
1883,4
1884,4
1885,0
1886,2
1887,5
1888,1
1889,4
1890,2
1891,1
1892,2
1893,3
1894,4
1895,1
1896,2
1897,2
1898,3
1899,1
1900,6
1901,0
1902,1
1903,4
1904,1
1905,5
1906,2
1907,1
1908,3
1909,4
1910,1
1911,1
1912,5
1913,0
1914,1
1915,1
1916,0
1917,5
1918,3
1919,5
1920,0
1921,4
1922,5
1923,4
1924,1
1925,1
1926,0
1927,4
1928,1
1929,0
1930,2
1931,1
1932,2
1933,3
1934,3
1935,2
1936,1
1937,2
1938,3
1939,2
1940,3
1941,0
1942,6
1943,9
1944,0
1945,2
1946,9
1947,4
1948,1
1949,1
1950,2
1951,2
1952,2
1953,0
1954,0
1955,8
1956,6
1957,9
1958,1
1959,3
1960,7
1961,6
1962,1
1963,5
1964,2
1965,4
1966,1
1967,3
1968,1
1969,2
1970,6
1971,1
1972,2
1973,1
1974,3
1975,1
1976,0
1977,1
1978,5
1979,0
1980,2
1981,1
1982,2
1983,1
1984,2
1985,1
1986,1
1987,2
1988,2
1989,2
1990,3
1991,4
1992,5
1993,1
1994,8
1995,4
1996,5
1997,3
1998,3
1999,3
2000,2
2001,1
2002,0
2003,2
2004,1
2005,1
2006,2
2007,2
2008,5
2009,6
2010,5
2011,5
2012,2
2013,2
2014,1
2015,1
2016,2
2017,2
2018,7
2019,1
2020,6
2021,1
2022,5
2023,3
2024,3
2025,7
2026,3
2027,6
2028,6
2029,0
2030,2
2031,1
2032,3
2033,3
2034,2
2035,0
2036,5
2037,5
2038,1
2039,1
2040,1
2041,0
2042,1
2043,3
2044,1
2045,2
2046,1
2047,6
2048,0
2049,1
2050,1
2051,3
2052,1
2053,2
2054,2
2055,2
2056,0
2057,9
2058,1
2059,4
2060,2
2061,2
2062,1
2063,2
2064,1
2065,5
2066,3
2067,4
2068,4
2069,3
2070,1
2071,8
2072,2
2073,1
2074,2
2075,3
2076,1
2077,2
2078,0
2079,0
2080,3
2081,1
2082,5
2083,1
2084,2
2085,5
2086,3
2087,5
2088,2
2089,1
2090,1
2091,2
2092,1
2093,0
2094,2
2095,2
2096,5
2097,2
2098,2
2099,4
2100,1
2101,6
2102,1
2103,1
2104,0
2105,1
2106,0
2107,3
2108,3
2109,2
2110,4
2111,1
2112,2
2113,3
2114,0
2115,3
2116,1
2117,1
2118,6
2119,2
2120,3
2121,2
2122,3
2123,1
2124,5
2125,0
2126,1
2127,0
2128,2
2129,0
2130,2
2131,1
2132,1
2133,1
2134,0
2135,2
2136,0
2137,2
2138,4
2139,2
2140,1
2141,1
2142,2
2143,2
2144,2
2145,1
2146,8
2147,2
2148,1
2149,5
2150,4
2151,1
2152,2
2153,1
2154,0
2155,2
2156,2
2157,1
2158,0
2159,2
2160,3
2161,0
2162,1
2163,4
2164,2
2165,1
2166,1
2167,4
2168,1
2169,1
2170,0
2171,6
2172,3
2173,1
2174,3
2175,1
2176,0
2177,0
2178,6
2179,6
2180,3
2181,2
2182,2
2183,1
2184,0
2185,1
2186,4
2187,6
2188,7
2189,2
2190,1
2191,1
2192,3
2193,1
2194,1
2195,1
2196,4
2197,1
2198,3
2199,1
2200,4
2201,4
2202,2
2203,1
2204,0
2205,1
2206,3
2207,2
2208,1
2209,1
2210,3
2211,1
2212,1
2213,1
2214,1
2215,2
2216,3
2217,3
2218,3
2219,0
2220,1
2221,2
2222,2
2223,1
2224,1
2225,2
2226,1
2227,3
2228,2
2229,3
2230,1
2231,2
2232,0
2233,3
2234,3
2235,0
2236,5
2237,1
2238,1
2239,2
2240,0
2241,3
2242,3
2243,0
2244,1
2245,3
2246,1
2247,3
2248,3
2249,3
2250,1
2251,2
2252,2
2253,0
2254,1
2255,3
2256,1
2257,0
2258,3
2259,4
2260,2
2261,4
2262,0
2263,3
2264,0
2265,3
2266,5
2267,1
2268,2
2269,2
2270,2
2271,1
2272,2
2273,4
2274,0
2275,1
2276,1
2277,3
2278,1
2279,4
2280,4
2281,0
2282,1
2283,4
2284,4
2285,2
2286,1
2287,3
2288,1
2289,4
2290,1
2291,7
2292,3
2293,1
2294,4
2295,1
2296,0
2297,1
2298,1
2299,0
2300,1
2301,3
2302,6
2303,7
2304,5
2305,1
2306,5
2307,0
2308,3
2309,1
2310,3
2311,6
2312,0
2313,10
2314,3
2315,4
2316,1
2317,0
2318,5
2319,2
2320,5
2321,1
2322,2
2323,0
2324,4
2325,3
2326,10
2327,1
2328,6
2329,3
2330,7
2331,2
2332,4
2333,0
2334,3
2335,1
2336,0
2337,3
2338,6
2339,4
2340,1
2341,0
2342,2
2343,5
2344,1
2345,0
2346,4
2347,2
2348,5
2349,3
2350,3
2351,8
2352,1
2353,5
2354,1
2355,3
2356,10
2357,1
2358,2
2359,3
2360,4
2361,1
2362,2
2363,3
2364,2
2365,10
2366,3
2367,1
2368,4
2369,1
2370,1
2371,0
2372,2
2373,3
2374,4
2375,4
2376,0
2377,1
2378,1
2379,1
2380,6
2381,2
2382,13
2383,4
2384,10
2385,1
2386,6
2387,1
2388,3
2389,2
2390,2
2391,2
2392,6
2393,3
2394,0
2395,9
2396,6
2397,0
2398,0
2399,4
2400,6
2401,7
2402,1
2403,5
2404,4
2405,6
2406,4
2407,1
2408,11
2409,4
2410,2
2411,1
2412,4
2413,13
2414,5
2415,6
2416,0
2417,2
2418,3
2419,0
2420,1
2421,5
2422,3
2423,1
2424,3
2425,2
2426,1
2427,2
2428,1
2429,2
2430,1
2431,6
2432,2
2433,2
2434,3
2435,2
2436,5
2437,4
2438,2
2439,4
2440,0
2441,3
2442,0
2443,2
2444,2
2445,1
2446,2
2447,3
2448,1
2449,6
2450,3
2451,4
2452,3
2453,3
2454,1
2455,7
2456,1
2457,0
2458,3
2459,2
2460,2
2461,0
2462,1
2463,1
2464,4
2465,1
2466,1
2467,2
2468,4
2469,8
2470,2
2471,13
2472,1
2473,1
2474,10
2475,0
2476,1
2477,1
2478,6
2479,1
2480,1
2481,9
2482,1
2483,1
2484,1
2485,1
2486,7
2487,2
2488,2
2489,0
2490,4
2491,4
2492,4
2493,6
2494,6
2495,2
2496,7
2497,2
2498,0
2499,0
2500,0
2501,2
2502,2
2503,4
2504,3
2505,15
2506,8
2507,1
2508,4
2509,3
2510,6
2511,1
2512,1
2513,3
2514,4
2515,0
2516,2
2517,6
2518,3
2519,3
2520,3
2521,6
2522,0
2523,2
2524,2
2525,3
2526,2
2527,1
2528,1
2529,5
2530,0
2531,4
2532,1
2533,0
2534,3
2535,1
2536,1
2537,6
2538,0
2539,3
2540,4
2541,4
2542,1
2543,4
2544,1
2545,0
2546,6
2547,6
2548,4
2549,2
2550,6
2551,2
2552,0
2553,9
2554,0
2555,6
2556,5
2557,0
2558,3
2559,3
2560,0
2561,3
2562,0
2563,2
2564,0
2565,2
2566,0
2567,1
2568,0
2569,1
2570,2
2571,0
2572,3
2573,0
2574,0
2575,0
2576,1
2577,2
2578,2
2579,2
2580,1
2581,1
2582,8
2583,4
2584,4
2585,2
2586,0
2587,4
2588,0
2589,0
2590,2
2591,2
2592,2
2593,3
2594,2
2595,2
2596,1
2597,4
2598,20
2599,6
2600,2
2601,2
2602,0
2603,4
2604,4
2605,2
2606,7
2607,9
2608,2
2609,7
2610,2
2611,8
2612,1
2613,3
2614,1
2615,1
2616,11
2617,0
2618,2
2619,1
2620,1
2621,3
2622,6
2623,11
2624,4
2625,11
2626,3
2627,2
2628,2
2629,5
2630,0
2631,0
2632,5
2633,1
2634,2
2635,3
2636,1
2637,2
2638,9
2639,7
2640,3
2641,2
2642,5
2643,4
2644,0
2645,1
2646,1
2647,1
2648,2
2649,1
2650,2
2651,4
2652,1
2653,1
2654,4
2655,0
2656,5
2657,1
2658,1
2659,0
2660,2
2661,2
2662,3
2663,5
2664,5
2665,1
2666,3
2667,10
2668,5
2669,1
2670,8
2671,1
2672,3
2673,1
2674,4
2675,6
2676,10
2677,2
2678,1
2679,3
2680,4
2681,4
2682,4
2683,6
2684,1
2685,1
2686,0
2687,0
2688,4
2689,3
2690,4
2691,2
2692,0
2693,5
2694,6
2695,6
2696,3
2697,0
2698,2
2699,2
2700,8
2701,1
2702,2
2703,1
2704,1
2705,3
2706,3
2707,0
2708,0
2709,5
2710,6
2711,1
2712,0
2713,0
2714,0
2715,0
2716,0
2717,0
2718,1
2719,10
2720,1
2721,3
2722,1
2723,0
2724,2
2725,2
2726,3
2727,3
2728,8
2729,1
2730,9
2731,0
2732,4
2733,4
2734,5
2735,1
2736,0
2737,3
2738,0
2739,1
2740,1
2741,0
2742,2
2743,3
2744,6
2745,1
2746,4
2747,6
2748,0
2749,1
2750,1
2751,5
2752,0
2753,2
2754,1
2755,5
2756,0
2757,0
2758,1
2759,2
2760,0
2761,9
2762,0
2763,0
2764,4
2765,0
2766,1
2767,1
2768,4
2769,0
2770,8
2771,5
2772,6
2773,0
2774,9
2775,8
2776,5
2777,7
2778,1
2779,4
2780,9
2781,3
2782,21
2783,7
2784,6
2785,1
2786,6
2787,6
2788,1
2789,6
2790,8
2791,1
2792,5
2793,6
2794,5
2795,4
2796,2
2797,0
2798,5
2799,3
2800,4
2801,1
2802,3
2803,7
2804,6
2805,0
2806,11
2807,4
2808,2
2809,11
2810,0
2811,4
2812,8
2813,5
2814,3
2815,1
2816,3
2817,4
2818,1
2819,4
2820,2
2821,1
2822,1
2823,1
2824,1
2825,1
2826,11
2827,4
2828,3
2829,4
2830,1
2831,7
2832,8
2833,3
2834,6
2835,4
2836,2
2837,12
2838,0
2839,7
2840,6
2841,6
2842,7
2843,4
2844,4
2845,2
2846,0
2847,1
2848,8
2849,6
2850,6
2851,9
2852,1
2853,4
2854,10
2855,4
2856,1
2857,10
2858,3
2859,8
2860,9
2861,3
2862,2
2863,5
2864,5
2865,7
2866,3
2867,5
2868,2
2869,2
2870,1
2871,3
2872,4
2873,2
2874,13
2875,12
2876,2
2877,1
2878,8
2879,1
2880,0
2881,8
2882,8
2883,1
2884,3
2885,6
2886,6
2887,3
2888,9
2889,7
2890,1
2891,6
2892,2
2893,7
2894,6
2895,5
2896,3
2897,5
2898,0
2899,10
2900,11
2901,2
2902,16
2903,2
2904,3
2905,21
2906,2
2907,3
2908,6
2909,4
2910,9
2911,12
2912,2
2913,7
2914,3
2915,1
2916,4
2917,12
2918,3
2919,5
2920,8
2921,2
2922,4
2923,1
2924,2
2925,7
2926,3
2927,7
2928,0
2929,0
2930,3
2931,2
2932,10
2933,6
2934,2
2935,7
2936,10
2937,1
2938,7
2939,0
2940,2
2941,12
2942,21
2943,4
2944,4
2945,2
2946,0
2947,0
2948,12
2949,16
2950,19
2951,0
2952,0
2953,3
2954,25
2955,1
2956,3
2957,4
2958,0
2959,3
2960,1
2961,3
2962,5
2963,0
2964,0
2965,4
2966,0
2967,15
2968,1
2969,0
2970,1
2971,0
2972,0
2973,1
2974,0
2975,4
2976,12
2977,22
2978,2
2979,0
2980,5
2981,0
2982,4
2983,0
2984,1
2985,7
2986,4
2987,0
2988,4
2989,14
2990,4
2991,16
2992,3
2993,0
2994,4
2995,2
2996,3
2997,2
2998,0
2999,10
3000,1
3001,17
3002,1
3003,34
3004,0
3005,7
3006,1
3007,2
3008,0
3009,18
3010,23
3011,8
3012,9
3013,1
3014,0
3015,6
3016,4
3017,1
3018,9
3019,5
3020,3
3021,8
3022,17
3023,4
3024,10
3025,3
3026,1
3027,0
3028,2
3029,2
3030,4
3031,6
3032,3
3033,3
3034,24
3035,3
3036,18
3037,1
3038,8
3039,8
3040,3
3041,4
3042,16
3043,8
3044,20
3045,4
3046,1
3047,16
3048,1
3049,0
3050,13
3051,7
3052,7
3053,1
3054,8
3055,9
3056,1
3057,14
3058,4
3059,9
3060,1
3061,12
3062,9
3063,14
3064,0
3065,0
3066,6
3067,0
3068,0
3069,23
3070,55
3071,38
3072,37
3073,18
3074,6
3075,0
3076,22
3077,1
3078,0
3079,16
3080,26
3081,17
3082,15
3083,11
3084,20
3085,0
3086,8
3087,0
3088,27
3089,4
3090,3
3091,4
3092,0
3093,3
3094,5
3095,0
3096,8
3097,11
3098,4
3099,0
3100,8
3101,29
3102,34
3103,0
3104,1
3105,2
3106,0
3107,0
3108,0
3109,14
3110,24
3111,0
3112,8
3113,15
3114,0
3115,0
3116,5
3117,7
3118,6
3119,0
3120,36
3121,38
3122,0
3123,28
3124,6
3125,14
3126,18
3127,13
3128,0
3129,2
3130,42
3131,1
3132,3
3133,0
3134,12
3135,13
3136,11
3137,30
3138,4
3139,20
3140,2
3141,0
3142,13
3143,0
3144,18
3145,18
3146,4
3147,15
3148,1
3149,0
3150,3
3151,59
3152,0
3153,14
3154,17
3155,42
3156,11
3157,4
3158,6
3159,18
3160,46
3161,0
3162,29
3163,64
3164,62
3165,24
3166,54
3167,11
3168,32
3169,17
3170,2
3171,33
3172,57
3173,4
3174,27
3175,56
3176,100
3177,97
3178,9
3179,5
3180,0
3181,30
3182,2
3183,30
3184,22
3185,62
3186,6
3187,0
3188,47
3189,17
3190,0
3191,0
3192,46
3193,0
3194,31
3195,32
3196,33
3197,31
3198,3
3199,74
3200,7
3201,23
3202,0
3203,5
3204,290
3205,0
3206,6
3207,13
3208,0
3209,71
3210,30
3211,70
3212,0
3213,15
3214,0
3215,7
3216,95
3217,86
3218,14
3219,0
3220,20
3221,88
3222,44
3223,10
3224,57
3225,50
3226,16
3227,3
3228,102
3229,8
3230,0
3231,50
3232,0
3233,28
3234,27
3235,26
3236,154
3237,6
3238,53
3239,8
3240,28
3241,0
3242,50
3243,20
3244,43
3245,342
3246,97
3247,133
3248,69
3249,218
3250,36
3251,17
3252,65
3253,42
3254,199
3255,18
3256,63
3257,204
3258,39
3259,24
3260,35
3261,2
3262,41
3263,44
3264,124
3265,65
3266,118
3267,5
3268,89
3269,174
3270,6
3271,200
3272,172
3273,38
3274,123
3275,18
3276,22
3277,699
3278,105
3279,61
3280,171
3281,125
3282,121
3283,177
3284,14
3285,86
3286,48
3287,6
3288,70
3289,65
3290,31
3291,0
3292,256
3293,82
3294,128
3295,72
3296,26
3297,44
3298,184
3299,440
3300,30
3301,92
3302,64
3303,109
3304,92
3305,102
3306,10
3307,35
3308,156
3309,220
3310,2
3311,35
3312,112
3313,87
3314,14
3315,87
3316,0
3317,257
3318,48
3319,152
3320,154
3321,9
3322,62
3323,55
3324,85
3325,32
3326,246
3327,20
3328,164
3329,183
3330,496
3331,179
3332,33
3333,136
3334,218
3335,510
3336,50
3337,12
3338,34
3339,226
3340,2
3341,30
3342,92
3343,17
3344,18
3345,12
3346,0
3347,322
3348,34
3349,60
3350,190
3351,142
3352,112
3353,167
3354,18
3355,60
3356,46
3357,29
3358,7
3359,64
3360,79
3361,101
3362,132
3363,91
3364,173
3365,242
3366,41
3367,211
3368,114
3369,13
3370,67
3371,0
3372,107
3373,157
3374,280
3375,15
3376,92
3377,142
3378,190
3379,464
3380,277
3381,25
3382,265
3383,65
3384,38
3385,224
3386,17
3387,37
3388,87
3389,132
3390,17
3391,65
3392,0
3393,44
3394,90
3395,138
3396,155
3397,42
3398,23
3399,377
3400,80
3401,14
3402,152
3403,58
3404,0
3405,264
3406,156
3407,11
3408,292
3409,12
3410,333
3411,307
3412,106
3413,118
3414,137
3415,289
3416,300
3417,59
3418,125
3419,108
3420,16
3421,22
3422,165
3423,4
3424,24
3425,64
3426,9
3427,223
3428,78
3429,182
3430,3
3431,2
3432,208
3433,303
3434,60
3435,519
3436,14
3437,47
3438,132
3439,135
3440,4
3441,216
3442,120
3443,6
3444,46
3445,75
3446,55
3447,33
3448,157
3449,322
3450,8
3451,42
3452,86
3453,18
3454,4
3455,93
3456,16
3457,101
3458,9
3459,0
3460,58
3461,2803462,71
3463,89
3464,25
3465,21
3466,26
3467,33
3468,207
3469,105
3470,46
3471,188
3472,43
3473,365
3474,149
3475,134
3476,31
3477,67
3478,171
3479,87
3480,47
3481,28
3482,93
3483,20
3484,0
3485,36
3486,28
3487,0
3488,56
3489,7
3490,129
3491,48
3492,55
3493,104
3494,54
3495,286
3496,301
3497,210
3498,63
3499,278
3500,254
3501,78
3502,0
3503,41
3504,212
3505,189
3506,24
3507,1
3508,220
3509,2
3510,304
3511,121
3512,125
3513,198
3514,167
3515,14
3516,125
3517,53
3518,116
3519,65
3520,28
3521,20
3522,76
3523,176
3524,2
3525,12
3526,282
3527,51
3528,104
3529,12
3530,224
3531,123
3532,52
3533,77
3534,94
3535,447
3536,89
3537,137
3538,143
3539,322
3540,358
3541,120
3542,228
3543,30
3544,47
3545,0
3546,322
3547,0
3548,113
3549,20
3550,15
3551,134
3552,31
3553,148
3554,25
3555,38
3556,3
3557,6
3558,240
3559,34
3560,471
3561,73
3562,49
3563,55
3564,74
3565,40
3566,83
3567,128
3568,143
3569,187
3570,24
3571,103
3572,117
3573,4
3574,506
3575,50
3576,63
3577,363
3578,305
3579,60
3580,5
3581,159
3582,172
3583,167
3584,41
3585,14
3586,150
3587,157
3588,47
3589,132
3590,261
3591,0
3592,22
3593,74
3594,416
3595,115
3596,82
3597,92
3598,58
3599,35
3600,345
3601,38
3602,66
3603,111
3604,40
3605,445
3606,134
3607,21
3608,54
3609,26
3610,245
3611,114
3612,36
3613,201
3614,233
3615,37
3616,137
3617,62
3618,98
3619,154
3620,72
3621,46
3622,144
3623,237
3624,390
3625,190
3626,426
3627,128
3628,272
3629,63
3630,2
3631,289
3632,150
3633,36
3634,15
3635,22
3636,12
3637,258
3638,137
3639,106
3640,4
3641,40
3642,61
3643,34
3644,22
3645,88
3646,19
3647,224
3648,240
3649,56
3650,324
3651,132
3652,89
3653,40
3654,69
3655,116
3656,350
3657,245
3658,262
3659,145
3660,11
3661,52
3662,300
3663,248
3664,134
3665,60
3666,114
3667,36
3668,286
3669,121
3670,138
3671,90
3672,443
3673,490
3674,190
3675,36
3676,0
3677,0
3678,174
3679,216
3680,260
3681,24
3682,230
3683,305
3684,56
3685,5
3686,292
3687,276
3688,305
3689,218
3690,136
3691,72
3692,110
3693,81
3694,121
3695,45
3696,54
3697,85
3698,650
3699,228
3700,18
3701,135
3702,211
3703,655
3704,69
3705,254
3706,63
3707,46
3708,250
3709,227
3710,189
3711,318
3712,165
3713,12
3714,57
3715,126
3716,52
3717,30
3718,307
3719,143
3720,16
3721,485
3722,315
3723,52
3724,375
3725,124
3726,115
3727,260
3728,106
3729,63
3730,20
3731,67
3732,252
3733,93
3734,224
3735,203
3736,1
3737,35
3738,5
3739,418
3740,159
3741,102
3742,186
3743,106
3744,207
3745,2
3746,89
3747,227
3748,202
3749,46
3750,171
3751,61
3752,60
3753,45
3754,207
3755,130
3756,114
3757,245
3758,352
3759,132
3760,156
3761,28
3762,158
3763,110
3764,50
3765,83
3766,38
3767,70
3768,28
3769,168
3770,18
3771,40
3772,485
3773,25
3774,422
3775,36
3776,2
3777,87
3778,271
3779,49
3780,65
3781,373
0,29
0,0
0,28
1,0
0,40
1,3
2,0
3,1
4,2
5,0
6,4
7,5
8,3
9,1
10,5
11,5
12,0
13,67
14,17
15,17
0,3
0,5
0,14
1,29
0,43
1,91
2,0
3,8
4,117
0,2
1,0
2,40
0,0
1,2
2,19
3,15
0,0
1,38
2,6
0,52
1,23
2,16
3,12
4,0
5,11
6,91
7,0
